100
1 -39.115991 -24.218564
2 5.666665 62.301645
3 -31.977429 97.818752
4 -24.007169 -3.811191
5 -82.085762 -2.942130
6 58.955289 -19.806713
7 -73.040544 38.440449
8 55.928507 -49.501146
9 79.857037 85.008031
10 56.792738 -81.085137
11 -25.786868 -28.352345
12 -61.162907 -39.607947
13 -98.568328 47.656853
14 -25.053052 51.902899
15 46.003765 84.464954
16 52.490830 83.776803
17 -31.142173 -82.696571
18 -95.592542 -8.981330
19 22.856139 96.137594
20 50.340729 61.261762
21 -23.948312 33.745577
22 -52.491119 -44.696697
23 93.409189 -94.986961
24 8.953898 99.614787
25 -39.213963 77.574622
26 -50.603681 24.559609
27 -20.245297 -26.795132
28 34.134381 64.565338
29 62.250771 11.237519
30 -43.236630 2.499609
31 -46.832398 69.324947
32 -65.483573 21.871137
33 -63.015177 71.062281
34 -82.843180 -41.483920
35 -55.866576 -96.247849
36 32.287779 -11.545934
37 52.944318 -62.252046
38 72.275023 -35.493761
39 -34.435425 69.515096
40 -92.005751 93.137773
41 -20.871464 -4.876123
42 -27.425585 -94.407283
43 88.643538 -95.688668
44 44.315091 -59.071596
45 -74.261326 -85.149296
46 92.459688 44.840513
47 40.777594 -73.698046
48 -66.710484 -22.348219
49 83.687102 38.936188
50 -57.371797 -9.365263
51 39.294965 9.373771
52 -81.347349 -32.599907
53 -41.731723 55.684035
54 -97.934941 28.638289
55 -20.984552 49.686793
56 26.780846 -9.299757
57 72.470296 -51.538815
58 -8.777497 65.128038
59 -72.446143 -68.670756
60 -26.509314 -26.296150
61 -9.685359 -39.894838
62 90.688053 -12.022558
63 -15.117458 -6.789518
64 -76.499276 -37.123979
65 42.247597 98.264023
66 11.127604 -46.515381
67 -56.396411 51.822799
68 32.772878 22.523569
69 -9.902748 11.726786
70 -6.590512 -37.454975
71 -91.486393 98.584157
72 -25.171548 -68.855281
73 -83.813210 -12.661321
74 -21.351063 53.154043
75 -38.981916 60.444806
76 68.258997 -33.384329
77 -32.131751 49.456341
78 0.952693 -96.180991
79 -11.247468 92.206816
80 -31.618320 97.781406
81 97.009099 58.145743
82 -13.976928 -73.000209
83 -70.890088 74.478817
84 40.456019 1.929609
85 -16.201520 -93.142908
86 -83.375522 13.984921
87 81.744130 14.410250
88 -34.767125 18.458399
89 19.866970 43.573803
90 -53.922586 77.996406
91 91.822536 -71.248430
92 62.312595 -56.228114
93 48.572158 3.637978
94 61.097832 -48.853989
95 -79.184174 -57.345366
96 -95.216419 -50.864399
97 81.865430 -79.738607
98 81.523860 44.054329
99 93.148128 -86.705340
100 -61.098480 -88.697656
27 19 88 1 57 73 54 13 76 52 74 38 24 30 89 32 82 39 70 12 53 85 4 72 17 51 63 33 95 94 58 44 99 34 16 41 84 77 46 9 42 22 98 96 90 56 91 36 43 7 93 75 37 5 61 86 48 97 45 80 8 15 14 64 18 23 78 79 2 66 6 31 25 87 20 68 62 40 3 29 49 47 11 21 0 59 10 26 60 69 65 81 71 55 35 83 50 92 28 67 
